/*--------------------------------*- C++ -*----------------------------------*\
| =========                 |                                                 |
| \\      /  F ield         | OpenFOAM: The Open Source CFD Toolbox           |
|  \\    /   O peration     | Version:  2.1.1                                 |
|   \\  /    A nd           | Web:      www.OpenFOAM.org                      |
|    \\/     M anipulation  |                                                 |
\*---------------------------------------------------------------------------*/
FoamFile
{
    version     2.0;
    format      ascii;
    class       faceSet;
    location    "constant/polyMesh/sets";
    object      nonOrthoFaces;
}
// * * * * * * * * * * * * * * * * * * * * * * * * * * * * * * * * * * * * * //


312
(
49155 
49156 
49158 
49159 
49160 
49161 
49162 
49163 
49164 
49182 
49183 
49185 
49186 
49187 
49188 
49189 
49190 
49191 
59449 
49209 
49210 
49212 
49213 
49215 
49216 
59457 
49217 
59458 
49218 
59476 
49236 
49237 
49240 
49242 
49243 
59484 
49244 
59485 
49245 
59503 
49263 
49269 
49270 
59511 
59512 
49272 
59513 
49274 
59530 
59538 
59540 
49320 
49321 
49322 
49323 
49324 
49325 
59566 
49326 
49327 
49336 
49347 
49348 
49349 
49350 
49352 
59593 
49353 
49354 
49363 
49374 
49376 
49377 
49379 
49380 
49381 
49390 
49401 
49403 
49404 
49406 
49407 
49408 
49417 
49428 
49430 
49431 
49433 
49434 
49435 
49444 
49455 
49457 
49458 
59700 
49460 
59701 
49461 
59702 
49462 
49471 
49484 
49485 
59727 
49487 
59728 
49488 
59729 
49489 
49498 
49512 
59754 
49514 
59755 
49515 
59756 
49516 
49517 
59781 
59782 
59783 
59810 
59837 
43884 
43890 
43893 
43894 
43895 
43911 
43917 
43920 
43921 
43938 
43944 
43947 
43948 
43965 
43971 
43974 
44001 
54250 
54259 
54260 
54262 
54267 
54268 
44028 
54270 
54271 
54272 
54273 
54274 
54275 
54286 
54287 
54289 
54291 
54294 
54295 
54297 
54298 
54299 
54300 
54301 
54302 
54313 
54314 
54316 
54321 
54322 
54324 
54325 
54326 
54327 
54328 
54340 
54341 
54348 
54349 
54351 
54352 
54353 
54354 
54355 
54367 
54368 
44133 
54375 
54376 
44136 
44137 
54378 
54379 
54380 
54381 
54382 
54394 
54395 
44160 
54402 
54403 
44163 
44164 
54405 
54406 
54407 
54408 
54421 
54422 
44187 
54429 
54430 
44190 
44191 
54433 
54434 
54435 
54448 
54456 
54457 
54458 
44218 
54460 
44245 
54510 
54511 
54512 
44272 
54513 
54514 
54515 
54516 
54517 
54518 
54520 
54521 
54537 
54538 
54539 
54540 
54541 
54542 
54543 
54548 
54564 
54565 
54566 
54567 
54569 
54571 
54575 
54591 
54592 
54593 
54594 
54596 
54598 
54602 
54618 
54619 
54620 
54621 
54623 
54625 
54629 
54645 
54646 
54647 
54648 
54650 
54652 
54656 
54672 
54673 
54674 
54677 
54679 
54683 
54699 
54700 
54701 
54704 
49072 
49074 
49075 
49077 
49078 
49079 
49080 
49081 
49082 
49083 
49096 
49099 
49101 
49102 
49104 
49105 
49106 
49107 
49108 
49109 
49110 
49128 
49129 
49131 
49132 
49133 
49134 
49135 
49136 
49137 
)

// ************************************************************************* //
