/*--------------------------------*- C++ -*----------------------------------*\
| =========                 |                                                 |
| \\      /  F ield         | OpenFOAM: The Open Source CFD Toolbox           |
|  \\    /   O peration     | Version:  2.1.1                                 |
|   \\  /    A nd           | Web:      www.OpenFOAM.org                      |
|    \\/     M anipulation  |                                                 |
\*---------------------------------------------------------------------------*/
FoamFile
{
    version     2.0;
    format      ascii;
    class       faceSet;
    location    "constant/polyMesh/sets";
    object      wrongOrientedFaces;
}
// * * * * * * * * * * * * * * * * * * * * * * * * * * * * * * * * * * * * * //


300
(
49153 
49155 
49156 
49158 
49159 
49160 
49161 
49162 
49163 
49164 
49180 
49182 
49185 
49187 
49188 
49189 
49190 
49191 
49207 
59449 
49209 
49212 
49215 
49216 
59457 
49217 
59458 
49218 
59476 
49236 
49242 
59484 
49244 
59485 
49245 
59503 
49263 
49269 
59511 
59512 
59513 
49274 
59538 
49320 
49322 
49323 
49324 
49325 
49326 
49327 
49336 
49347 
49349 
49350 
49351 
49352 
49353 
49354 
49363 
49374 
49376 
49377 
49378 
49379 
49380 
49381 
49390 
49401 
49403 
49404 
49405 
49406 
49407 
49408 
49417 
49428 
49431 
49432 
49433 
49434 
49435 
49455 
49458 
49459 
59700 
49460 
59701 
49461 
59702 
49462 
49485 
59727 
49488 
59729 
49489 
49512 
59754 
59755 
49515 
59756 
49517 
107129 
107136 
107303 
107306 
107308 
107309 
107310 
107313 
107316 
107317 
43884 
43890 
43893 
43894 
43895 
43911 
43917 
43920 
43921 
43922 
43938 
43944 
43947 
43948 
107482 
107483 
107486 
107489 
107490 
107491 
107493 
107496 
54258 
54259 
54260 
54262 
54264 
54267 
54268 
54270 
54271 
54272 
54273 
54274 
54275 
54285 
54286 
54287 
54289 
54294 
54295 
54297 
54298 
54299 
54300 
54301 
54313 
54314 
54316 
54321 
54322 
54324 
54325 
54326 
54327 
54328 
54329 
54340 
54341 
54343 
54348 
54349 
54351 
54352 
54353 
54354 
54355 
54367 
54368 
54370 
44133 
54375 
54376 
44136 
44137 
54378 
44138 
54379 
54380 
54382 
54394 
54397 
44160 
54402 
54403 
44163 
44164 
54405 
44165 
54406 
54407 
107663 
54421 
107670 
44187 
54429 
54430 
44190 
44191 
54434 
54448 
54456 
54457 
54458 
54510 
54511 
54512 
54513 
54514 
54515 
54517 
54518 
54519 
54521 
54537 
54538 
54539 
54540 
54541 
54542 
54546 
54548 
54564 
54565 
54566 
54567 
54568 
54569 
54571 
54572 
54575 
54591 
54592 
54593 
54594 
54595 
54596 
54598 
54602 
54618 
54619 
54620 
54621 
54622 
54623 
54629 
54645 
54646 
54647 
54648 
54649 
54650 
54672 
54673 
54674 
54699 
54700 
54701 
49069 
49072 
49074 
49075 
49077 
49078 
49079 
49080 
49081 
49082 
49083 
49099 
49101 
49102 
49104 
49105 
49106 
49107 
49108 
49109 
49110 
49126 
49128 
49129 
49131 
49132 
49133 
49134 
49135 
49136 
49137 
)

// ************************************************************************* //
